1668784583.6685455 0.215 -2.710 -1.450 0 0 0 1
1668784612.4079382 -5.399 2.762 -1.457 0 0 0 1
1668784653.1499002 -5.406 20.882 -1.456 0 0 0 1
1668784691.7490735 6.813 -0.048 -1.451 0 0 0 1
#
1668784757.5601096 10.920 -0.140 -1.441 0 0 0 1
1668784782.5553954 11.267 10.235 -1.445 0 0 0 1
1668784810.8623674 11.278 23.304 -1.451 0 0 0 1
1668784835.965023 11.500 31.230 -1.451 0 0 0 1
#
1668784861.2955463 10.932 45.543 -1.445 0 0 0 1
1668784883.5418415 12.883 62.842 -1.442 0 0 0 1
1668784907.2935102 32.874 61.904 -1.460 0 0 0 1
1668784931.3430605 33.208 45.646 -1.446 0 0 0 1
#
1668784951.7700479 32.688 31.544 -1.445 0 0 0 1
1668784979.1086583 32.496 20.521 -1.439 0 0 0 1
1668785000.5176063 32.042 5.109 -1.422 0 0 0 1
1668785028.7202945 28.752 27.896 -1.432 0 0 0 1
#
1668785053.3755708 14.662 28.010 -1.442 0 0 0 1
1668785078.3816268 9.798 20.281 -1.452 0 0 0 1
1668785120.0846744 3.430 20.272 -1.446 0 0 0 1
1668785141.679038 0.311 6.226 -1.441 0 0 0 1
