# timestamp_s id x y z 
1674573646.0864494 17.204 -8.367 3.849 0 0 0 1
1674573697.4092915 -13.148 6.504 4.197 0 0 0 1
1674573728.7883096 -3.579 30.231 3.419 0 0 0 1
1674573757.9277084 18.333 30.839 3.173 0 0 0 1
1674573969.77534 1.898 14.259 8.079 0 0 0 1
1674574009.9585738 10.759 33.312 8.98 0 0 0 1
1674574048.1825902 -10.231 7.239 8.07 0 0 0 1
1674574077.3243856 14.886 -8.932 8.075 0 0 0 1
1674574284.6959455 1.701 13.927 11.495 0 0 0 1
1674574314.7018974 9.295 -4.09 11.499 0 0 0 1
1674574353.7611988 -13.403 5.278 11.493 0 0 0 1
1674574400.7857227 13.194 32.111 11.495 0 0 0 1
1675087912.3741333 15.865 5.762 0.554 0 0 0 1
1675088040.5454981 8.546 -5.328 0.645 0 0 0 1
1675088116.525806 -2.718 32.625 -0.069 0 0 0 1
1675088464.2586176 1.701 13.927 11.495 0 0 0 1
1675088504.1696517 -10.231 7.239 8.07 0 0 0 1
1675088572.6152997 17.204 -8.367 3.849 0 0 0 1
