1674210344.1500368 -0.8273088406266157 -0.0420166872153592 0.2603810024462331 0 0 0 1
1674210419.650106 -0.8190612753287783 0.11302437242946684 0.3683899490689684 0 0 0 1
1674210547.450086 -0.8173282382920216 0.20141108197742308 0.3942118435619668 0 0 0 1
1674210647.6500683 -0.8218807618987795 -0.1018495830370425 0.36379573727498815 0 0 0 1
1674210721.750168 -0.826978657136752 -0.1266905197286693 0.28684305826964435 0 0 0 1
1674210834.5500782 -0.8121061246977148 -0.16359947094472527 0.39915703560954835 0 0 0 1
1674210961.0501397 -0.8303441419023537 -0.15521622545055067 0.3338406883809903 0 0 0 1
1674222251.050107 -0.8156342229676196 -0.01153459939497461 0.3561674915125453 0 0 0 1
1674222328.8501575 -0.8215130131235797 0.1239043214572637 0.3301297200435243 0 0 0 1
1674222387.1500924 -0.8302037444115519 -0.08851486907542233 0.28596986100488386 0 0 0 1
1674219506.3500664 -0.8247465262610492 0.1067018626923436 0.4002382727963499 0 0 0 1
1674219555.5501177 -0.8363501697780532 -0.11145768542142923 0.2681575223394923 0 0 0 1
1674219637.5501242 -0.8229321225834714 -0.06327693668796418 0.39686940555350053 0 0 0 1
1674219705.6501658 -0.8297867738294701 -0.07330374250901628 0.27938436136971073 0 0 0 1
1674219786.9500968 -0.8303850254126055 -0.08441754926615246 0.3271393597700346 0 0 0 1
