# timestamp_s id x y z 
1674210344.1500368 1.185 0.698 -1.419 0 0 0 1
1674210419.650106 -12.251 25.587 -1.388 0 0 0 1
1674210547.450086 -21.014 -13.881 -4.197 0 0 0 1
1674210647.6500683 3.698 14.928 -4.224 0 0 0 1
1674210721.750168 -19.613 36.009 -4.209 0 0 0 1
1674210834.5500782 -9.031 -6.26 -6.887 0 0 0 1
1674210961.0501397 -19.905 26.816 -7.048 0 0 0 1
# timestamp_s id x y z 
1674222251.050107 19.176 17.801 -1.501 0 0 0 1
1674222328.8501575 45.805 8.351 -1.548 0 0 0 1
1674222387.1500924 43.826 36.641 -1.526 0 0 0 1
# timestamp_s id x y z 
1674219506.3500664 18.642 24.594 -4.371 0 0 0 1
1674219555.5501177 19.611 9.131 -4.356 0 0 0 1
1674219637.5501242 41.945 2.435 -4.319 0 0 0 1
1674219705.6501658 33.367 37.799 -4.407 0 0 0 1
1674219786.9500968 27.8 16.714 -4.494 0 0 0 1
