# timestamp_s id x y z 
1669023380.9339092 0.215 -2.71 -1.45 0 0 0 1
1669023407.31254 -5.399 2.762 -1.457 0 0 0 1
1669023430.8902354 -5.406 20.882 -1.456 0 0 0 1
1669023468.7887027 6.813 -0.048 -1.451 0 0 0 1
1669023490.8127298 6.813 -0.048 -1.451 0 0 0 1
1669023519.6252928 10.92 -0.14 -1.441 0 0 0 1
1669023547.0567796 11.267 10.235 -1.445 0 0 0 1
1669023574.6594238 11.278 23.304 -1.451 0 0 0 1
1669023602.2712586 11.5 31.23 -1.451 0 0 0 1
1669023629.9230964 10.932 45.543 -1.445 0 0 0 1
1669023684.3378685 11.5 31.23 -1.451 0 0 0 1
1669023713.1843333 10.932 45.543 -1.445 0 0 0 1
1669023739.3621376 12.883 62.842 -1.442 0 0 0 1
1669023767.4079173 32.874 61.904 -1.46 0 0 0 1
1669023793.8828201 33.208 45.646 -1.446 0 0 0 1
1669023818.9639013 32.688 31.544 -1.445 0 0 0 1
1669023839.7554514 32.496 20.521 -1.439 0 0 0 1
1669023864.486561 32.042 5.109 -1.422 0 0 0 1
1669023917.5930598 32.042 5.109 -1.422 0 0 0 1
1669023949.0169587 28.752 27.896 -1.432 0 0 0 1
1669023969.8432384 14.662 28.01 -1.442 0 0 0 1
1669023993.595461 9.798 20.281 -1.452 0 0 0 1
